0
0
0
0
0
0
0
0
0
0
0
0
0
0
0
0
0
0
0
0
0
0
0
0
0
0
0
0
0
0
0
0
0
0
0
0
0
0
0
0
0
0
0
0
0
0
0
0
0
0
0
0
0
0
0
0
0
0
0
0
0
0
0
0
0
0
0
0
0
0
0
0
0
0
0
0
0
0
0
0
0
0
0
0
0
0
0
0
0
0
0
0
0
0
0
0
0
0
0
0
0
0
0
0
0
0
0
0
0
0
0
0
0
0
0
0
0
0
0
0
0
0
0
0
0
0
0
0
0
0
0
0
0
0
0
0
0
0
0
0
0
0
0
0
0
0
0
0
0
0
32
85
ff
5f
1d
0
0
0
0
0
0
0
0
0
0
0
0
0
0
0
0
0
0
0
0
0
0
24
dc
fd
fd
fd
51
0
0
0
0
0
0
0
0
0
0
0
0
0
0
0
0
0
0
0
0
0
0
32
fd
fd
fd
95
2f
0
0
0
0
0
0
0
0
0
0
0
0
0
0
0
0
0
0
0
0
0
11
b6
fd
f4
77
2
86
c5
c5
c5
26
0
0
0
0
0
0
0
0
0
0
0
0
0
0
0
0
0
7c
fd
fd
bb
0
0
ac
fd
fd
fd
30
0
0
0
0
0
0
0
0
0
0
0
0
0
0
0
0
0
7c
fd
fd
bb
0
0
ac
fd
fd
fd
30
0
0
0
0
0
0
0
0
0
0
0
0
0
0
0
0
0
7c
fd
fd
bb
0
0
ac
fd
fd
fd
30
0
0
0
0
0
0
0
0
0
0
0
0
0
0
0
0
0
7c
fd
fd
bb
0
4b
f6
fd
fd
fd
30
0
0
0
0
0
0
0
0
0
0
0
0
0
0
0
0
0
7c
fd
fd
bb
0
b7
fd
fd
fd
fd
30
0
0
0
0
0
0
0
0
0
0
0
0
0
0
0
0
0
7c
fd
fd
fb
91
f8
fd
fd
fd
fd
30
0
0
0
0
0
0
0
0
0
0
0
0
0
0
0
0
0
78
fc
fd
fd
fd
fd
fd
fd
fd
fd
30
0
0
0
0
0
0
0
0
0
0
0
0
0
0
0
0
0
0
d5
fd
fd
fd
fd
fd
fd
fd
fd
30
0
0
0
0
0
0
0
0
0
0
0
0
0
0
0
0
0
0
57
f2
fd
fd
fd
fd
fd
fd
fd
30
0
0
0
0
0
0
0
0
0
0
0
0
0
0
0
0
0
0
0
4d
8a
8a
8a
8d
fd
fd
fd
7b
0
0
0
0
0
0
0
0
0
0
0
0
0
0
0
0
0
0
0
0
0
0
0
9
fd
fd
fd
d4
0
0
0
0
0
0
0
0
0
0
0
0
0
0
0
0
0
0
0
0
0
0
0
9
fd
fd
fd
e9
40
0
0
0
0
0
0
0
0
0
0
0
0
0
0
0
0
0
0
0
0
0
0
2
76
fd
fd
fd
7a
0
0
0
0
0
0
0
0
0
0
0
0
0
0
0
0
0
0
0
0
0
0
0
63
fd
fd
fd
7a
0
0
0
0
0
0
0
0
0
0
0
0
0
0
0
0
0
0
0
0
0
0
0
6
c0
fd
fd
7a
0
0
0
0
0
0
0
0
0
0
0
0
0
0
0
0
0
0
0
0
0
0
0
0
bd
fd
fd
7a
0
0
0
0
0
0
0
0
0
0
0
0
0
0
0
0
0
0
0
0
0
0
0
0
0
0
0
0
0
0
0
0
0
0
0
0
0
0
0
0
0
0
0
0
0
0
0
0
0
0
0
0
0
0
0
0
0
0
0
0
0
0
0
0
0
0
0
0
0
0
0
0
0
0
0
0
0
0
0
0
0
0
0
0
0
0
0
0
0
0
0
0
